8383838383838383
7878787878787878
7878787878787878
8181818181818181
9090909090909090
7070707070707070
6767676767676767
6868686868686868
6666666666666666
8888888888888888
8080808080808080
8585858585858585
6666666666666666
8888888888888888
8989898989898989
7575757575757575
8989898989898989
6969696969696969
8383838383838383
6565656565656565
7777777777777777
7373737373737373
7171717171717171
8686868686868686
8484848484848484
7272727272727272
7070707070707070
7272727272727272
6666666666666666
7979797979797979
7171717171717171
6969696969696969
8989898989898989
8181818181818181
7777777777777777
7272727272727272
8484848484848484
8282828282828282
8585858585858585
8787878787878787
8585858585858585
8888888888888888
8080808080808080
8080808080808080
7373737373737373
8888888888888888
8787878787878787
6565656565656565
7070707070707070
7070707070707070
8686868686868686
7878787878787878
8383838383838383
7272727272727272
7474747474747474
8888888888888888
6666666666666666
7373737373737373
8282828282828282
7676767676767676
8585858585858585
7676767676767676
7676767676767676
7777777777777777
7676767676767676
7676767676767676
8383838383838383
8888888888888888
7171717171717171
7373737373737373
7777777777777777
6868686868686868
8282828282828282
6767676767676767
7878787878787878
7171717171717171
7878787878787878
8989898989898989
7575757575757575
8989898989898989
8787878787878787
8181818181818181
7373737373737373
8383838383838383
8383838383838383
6565656565656565
8282828282828282
7474747474747474
6767676767676767
6565656565656565
8888888888888888
8080808080808080
7171717171717171
7777777777777777
8181818181818181
9090909090909090
8686868686868686
7171717171717171
8686868686868686
7777777777777777
