(-13,13) (-11,9) (-11,4) (-12,-1) (-13,-9) (-13,-13) (-14,-18) (-15,-19) (-17,-19) (-19,-18) (-20,-17) (-20,-20) (-19,-21) (-17,-22) (-15,-22) (-14,-21) (-14,-18)
(-20,-17) (-19,-10) (-18,-6) (-16,2) (-14,10) (-13,13) (-9,15) (-7,16) (-6,16) (-4,12) (-1,9) (1,9) (4,12) (6,16) (6,17) (4,20) (2,21) (-2,21) (-4,20) (-6,17) (-6,16)
(-2,21) (-3,20) (-3,18) (0,14) (3,18) (3,20) (2,21)
(6,16) (7,16) (11,14) (12,13) (14,8) (16,2) (18,-6) (19,-12) (19,-17) (17,-18) (15,-18) (14,-17) (14,-20) (15,-21) (18,-21) (20,-20) (20,-17) (19,-16)
(14,-17) (13,-16) (12,-12) (11,-9) (11,8) (12,13)
(11,-9) (11,-14) (10,-17) (9,-19) (10,-20) (10,-21) (7,-22) (-1,-22) (-10,-21) (-12,-20) (-12,-19) (-11,-18) (-10,-18) (-3,-19) (9,-19)
(-11,-18) (-12,-15) (-13,-9)
(-8,10) (-7,11) (-7,9) (-6,9) (-6,8) (-8,8) (-8,9) (-7,9)
(-6,8) (-4,7) (-4,4) (-5,2) (-9,2) (-10,4) (-10,7) (-8,8)
(-7,16) (-7,11)
(6,6) (7,7) (7,5) (8,5) (8,4) (6,4) (6,5) (7,5)
(8,4) (10,3) (10,0) (9,-2) (5,-2) (4,0) (4,3) (6,4)
(7,16) (7,7)
(0,7) (-1,5) (-3,5) (-2,4) (-3,1) (-2,2) (0,3) (2,2) (3,1) (2,4) (3,5) (1,5) (0,7)
(-2,2) (-3,-1) (-5,-2) (-3,-2) (-4,-3) (-5,-5) (-6,-6) (-5,-6) (-7,-9) (-8,-10) (-7,-10) (-8,-13) (-9,-14) (-8,-14) (-10,-18)
(2,2) (3,-1) (5,-2) (3,-2) (4,-3) (5,-5) (6,-6) (5,-6) (6,-9) (7,-10) (6,-10) (7,-13) (8,-14) (7,-14) (8,-17) (9,-19)
(-16,2) (-15,2) (-14,0) (-15,-4) (-17,-6) (-18,-6)
(16,2) (15,2) (14,0) (14,-4) (16,-6) (18,-6)
(-2,21) (2, 21)