(-4,21) (-5,21) (-6,19) (-3,17) (0,16) (2,16) (6,18) (7,19) (6,21) (5,21) (4,19) (2,18) (-1,18) (-3,19) (-4,21) (-1,20) (2,20) (5,21)
(-6,19) (-9,18) (-12,15) (-16,7) (-18,1) (-19,-2) (-20,-9) (-20,-16) (-19,-17) (-15,-17) (-14,-16) (-14,-20) (-15,-21) (-19,-21) (-20,-20) (-20,-16)
(-14,-16) (-13,-13) (-12,-8) (-11,1) (-10,7) (-10,14) (-11,16)
(7,19) (11,18) (14,15) (17,9) (18,5) (19,-1) (20,-6) (20,-17) (17,-18) (15,-18) (14,-17) (13,-13) (13,-8) (12,3) (12,14) (13,16)
(13,-8) (12,-15) (11,-20)
(-12,-8) (-12,-15) (-11,-18) (-10,-20) (-10,-22) (-7,-23) (8,-23) (11,-22) (11,-20) (6,-21) (-5,-21) (-10,-20)
(-12,-8) (-10,-6) (-9,-6) (-7,-10) (-5,-12) (1,-15) (5,-15) (7,-13) (5,-14) (4,-13) (4,-12) (6,-11) (7,-10) (9,-6) (11,-6) (13,-8)
(9,-6) (9,-1) (8,2) (7,3) (8,4) (8,6) (7,7) (-6,7) (-7,6) (-7,4) (-6,3) (-8,1) (-9,-2) (-9,-6)
(-6,3) (7,3)
(-5,3) (-5,1) (-4,-1) (-5,-2) (-6,-2) (-7,-1) (-7,-2) (-6,-3) (-4,-4) (-1,-4) (0,-3) (-1,-2) (-1,-1) (-4,-1)
(-1,-1) (1,-1) (1,-2) (0,-3) (1,-4) (4,-4) (6,-3) (7,-2) (7,-1) (6,-2) (5,-2) (4,-1) (1,-1)
(4,-1) (5,1) (5,3)
(7,7) (6,9) (6,10) (7,11) (8,10) (10,7) (9,6) (9,5) (10,4) (11,4) (12,5) (12,6) (11,7) (10,7)
(11,7) (11,8) (10,12) (8,14) (5,15) (1,15) (-1,14) (-4,12) (-5,10) (-6,7)
(-12,-8) (-14,-7) (-15,-9) (-17,-11) (-16,-14) (-14,-16)
(-14,-7) (-14,-6) (-15,-5) (-16,-7) (-18,-9) (-18,-10) (-17,-11)
(-15,-5) (-15,-3) (-16,-1) (-17,-1) (-17,-3) (-18,-2) (-19,-2)
(-20,-9) (-18,-9)
(19,-1) (18,-1) (17,-3) (17,-1) (16,-1) (15,-3) (15,-5) (14,-6) (14,-7) (13,-8)
(20,-6) (19,-7) (19,-8) (18,-10) (17,-10) (14,-7)
(15,-5) (19,-7)
(20,-17) (20,-20) (19,-21) (15,-21) (14,-20) (14,-17)
(7,7) (6,9) (6,10) (7,10) (8,9) (10,7)
(14,-17) (15,-18) (17,-18) (20,-17)
(14,-17) (15,-16) (17,-11) (17,-10)