(9,18) (11,17) (12,14) (14,9) (15,6) (16,3) (17,-1) (18,-6) (19,-14) (19,-19) (16,-20) (14,-20) (13,-19) (12,-21) (14,-23) (17,-23) (19,-22) (20,-21) (20,-20) (19,-18)
(19,-14) (14,-15) (12,-15)
(13,-19) (12,-15) (12,7) (11,12) (10,16) (9,18) (7,19) (6,20) (1,21) (-1,21) (-6,20) (-7,19) (-5,17) (-2,16) (2,16) (5,17) (7,19)
(6,20) (5,19) (3,18) (-3,18) (-5,19) (-6,20)
(-7,19) (-9,18) (-11,17) (-12,16) (-13,14) (-15,9) (-16,6) (-17,2) (-18,-3) (-19,-11) (-19,-19) (-17,-20) (-15,-20) (-14,-19) (-14,-22) (-15,-23) (-17,-23) (-20,-22) (-20,-19) (-19,-18)
(-19,-15) (-15,-16) (-13,-16)
(-14,-19) (-13,-16) (-13,5) (-12,8) (-11,14) (-9,18)
(2,0) (4,0) (6,1) (8,4) (5,4) (2,3) (1,1) (4,-2) (5,-4) (7,-6) (8,-8) (8,-9) (10,-11) (11,-13) (11,-15) (12,-10)
(11,-15) (10,-19) (11,-20) (11,-22) (9,-23) (-9,-23) (-11,-22) (-12,-21) (-12,-20) (-11,-19) (-6,-20) (6,-20) (10,-19)
(6,-20) (9,-18) (10,-17) (11,-15)
(12,-8) (18,-6)
(1,1) (-1,1) (-1,2) (0,3) (1,3) (2,4) (3,6) (3,7) (2,7) (1,5) (-1,4) (-1,6) (2,8) (4,10) (4,12) (3,13) (2,12) (2,10) (-1,8) (-1,10) (1,12) (1,13) (0,13) (-1,12) (-2,14) (-3,13) (-3,11) (-4,12) (-5,11) (-3,9) (-2,6) (-2,1) (-1,1)
(-2,1) (-4,0) (-7,7) (-6,8) (-6,11) (-7,11) (-7,9) (-8,8) (-9,11) (-10,11) (-10,10) (-9,8) (-10,8) (-11,9) (-12,8) (-10,7) (-9,7) (-8,5) (-10,5) (-11,6) (-12,6) (-12,5) (-11,4) (-8,4) (-7,3) (-6,1) (-9,1) (-10,2) (-11,1) (-10,-1) (-8,-1) (-6,0) (-5,-1) (-4,0)
(-5,-1) (-6,-2) (-8,-2) (-10,-3) (-12,-6) (-9,-6) (-7,-5) (-6,-4) (-6,-2)
(-6,-4) (-6,-12) (-5,-14) (-4,-15) (-5,-16) (-5,-17) (-9,-17) (-10,-16) (-12,-13) (-8,-9) (-7,-11) (-6,-12)
(-11,-19) (-12,-18) (-13,-10)
(-12,-18) (-9,-17)
(-3,-20) (-5,-18) (-5,-17)
(-4,-15) (-2,-17) (1,-17) (5,-15) (7,-13) (8,-11) (8,-9)
(4,-10) (4,-11) (3,-12) (2,-12) (1,-13) (-1,-13) (-2,-12)
(2,-12) (1,-10) (3,-8) (3,-7) (1,-6) (-2,-8) (-2,-10) (-1,-11) (1,-10)
(-18,-3) (-13,-5)
(-15,9) (-12,8)
(12,1) (16,3)
